.002833
.002672
.002672
.004202
.004165
.004083
.004322
.004444
.003920
.004121
.004241
.004362
.004043
.004206
.003839
.004206
.004163
.004206
.004165
.004206
.004206
.004365
.004365
.004243
.004766
.004563
.004445
.004165
.004244
.005563
.004243
.004284
.004526
.004204
.004243
.004125
.004648
.003879
.005084
.007899
.012925
.011864
.007763
.012244
.007725
.007648
.008470
.006748
.013006
.007924
.007917
.007803
.007843
.008390
.006476
.010106
.007888
.007957
.007725
.007725
.009457
.006715
.006708
.013117
.008425
.008104
.007760
.007843
.008551
.006907
.011408
.008115
.012228
.007765
.008037
.009749
.008773
.011582
.007957
.007999
.007843
.007997
.007373
.008698
.009873
.010272
.008117
.007956
.011823
.007803
.008700
.007221
.009799
.008034
.007956
.008306
.007765
.008658
.006898
.010109
.008155
.012507
.007957
.008075
.006829
.007100
.013199
.007755
.007957
.007843
.008065
.011030
.009543
.004682
.005235
.011777
.008034
.007800
.008618
.008075
.009008
.007021
.011702
.008154
.009721
.007763
.007954
.008851
.007295
.008721
.008697
.008074
.007800
.007916
.008335
.008620
.006828
.010213
.008072
.008074
.010115
.008075
.008618
.007254
.010023
.008072
.007957
.008495
.008193
.008580
.006825
.011312
.008107
.012437
.007956
.007954
.006505
.006587
.010596
.008032
.009212
.007913
.007763
.006748
.006828
.012732
.007796
.008072
.007753
.007984
.006587
.006748
.012153
.008077
.007912
.007871
.008035
.010909
.008230
.006627
.011441
.008112
.007916
.008466
.008149
.006627
.006905
.012631
.008233
.007682
.012808
.007953
.006394
.006781
.010245
.008190
.008033
.011469
.007955
.008738
.006979
.011690
.007905
.008334
.007836
.007956
.008658
.006824
.012682
.007865
.007940
.007750
.007956
.008580
.006905
.010326
.007833
.008222
.007913
.008035
.009647
.006979
.004956
.002909
.003151
.002991
.002950
.004356
.004073
.003513
.004956
.004114
.002827
.004799
.004399
.004277
.004241
.004358
.003473
.003757
.003109
.003032
.003718
.002909
.004363
.003150
.004440
.002949
.004445
.003032
.004521
.004281
.005160
.004281
.006507
.004363
.004804
.007219
.002627
.002829
.003114