.002837
.002676
.002635
.004379
.004297
.004336
.003847
.006500
.004174
.004418
.004377
.004297
.004219
.004215
.004215
.004215
.004174
.004174
.004174
.004133
.004862
.004780
.004819
.004617
.004377
.005019
.004295
.004092
.004818
.004936
.004900
.003971
.006534
.015073
.013419
.013212
.008734
.008927
.008345
.008502
.008424
.006893
.014565
.012109
.008921
.008353
.010826
.008301
.008589
.007205
.011121
.008654
.008813
.008653
.008693
.009749
.008702
.006891
.011627
.008614
.009085
.008533
.008613
.008582
.006891
.011242
.009597
.008921
.008529
.008921
.008931
.010133
.007436
.012368
.008723
.012378
.008541
.008533
.006729
.006887
.009876
.012427
.008680
.011147
.008372
.008961
.008659
.007204
.008164
.011178
.008797
.008613
.011573
.008769
.006371
.006568
.010640
.008680
.008797
.008600
.008640
.009340
.008216
.009925
.005246
.011474
.008947
.009886
.008672
.008597
.008605
.006840
.014177
.012297
.009067
.008987
.008436
.008677
.006364
.006564
.014075
.010142
.008947
.008640
.008596
.008326
.006685
.006919
.014210
.008898
.009928
.008548
.008675
.006404
.006556
.007991
.013416
.009013
.008586
.012299
.008787
.008554
.006877
.011114
.008862
.009082
.008385
.008546
.009062
.008789
.007860
.009241
.008735
.008698
.008502
.008546
.008242
.006556
.011461
.008735
.009000
.008425
.009205
.008470
.008751
.006788
.012493
.008626
.009158
.008510
.008704
.006866
.008668
.006829
.011190
.008813
.008426
.008994
.008626
.006947
.007725
.012639
.009432
.009091
.008502
.008695
.009462
.006788
.006910
.012721
.008930
.012466
.008542
.008626
.006990
.006748
.010298
.012789
.008889
.010083
.008540
.008693
.006435
.006547
.014134
.011159
.008920
.008692
.008730
.008650
.008824
.007448
.003032
.004323
.004560
.003595
.003073
.002791
.002709