.003074
.003275
.004322
.004445
.004282
.004322
.004240
.004322
.004281
.004162
.004281
.004322
.004243
.004441
.004284
.004200
.004247
.004202
.004401
.004284
.004685
.004844
.004403
.004123
.004363
.004241
.004240
.005676
.005003
.005040
.004037
.004764
.008463
.006937
.006942
.006506
.006507
.012372
.006865
.006549
.006669
.008190
.006901
.006945
.006548
.006467
.006981
.006981
.006904
.006549
.006629
.013269
.006821
.006508
.006630
.006588
.007297
.006821
.006549
.006629
.007101
.006901
.006863
.006508
.006508
.013707
.006821
.006589
.006628
.006549
.011755
.006780
.006508
.006588
.007369
.007566
.006861
.006548
.006548
.008430
.006900
.007921
.006669
.006588
.011800
.006779
.006500
.006742
.006589
.007761
.006941
.006507
.006588
.008808
.006820
.007204
.006582
.006548
.013289
.006942
.006589
.006781
.006541
.007132
.006853
.006621
.006628
.008152
.006860
.007136
.006548
.006548
.012142
.006974
.006579
.006587
.006548
.007061
.006862
.006588
.006547
.006826
.006974
.006577
.006695
.006548
.014326
.006861
.006670
.006743
.008190
.004682
.006861
.006864
.006709
.006548
.013894
.007253
.006662
.006588
.006547
.014109
.006981
.006588
.006547
.008728
.007021
.006902
.006588
.006549
.007412
.006821
.006702
.006706
.006710
.012437
.006784
.006619
.006860
.008347
.006933
.006740
.006427
.006742
.006938
.006860
.006699
.006501
.006548
.012102
.006819
.006506
.006507
.006468
.007095
.006780
.006629
.006467
.006547
.006820
.006941
.006507
.006508
.006785
.006781
.006588
.006382
.006589
.012959
.006781
.006500
.006581
.007756
.007133
.006902
.006588
.006467
.008538
.006934
.007135
.006588
.006588
.011879
.006821
.006548
.006703
.006548
.008420
.006853
.007018
.006588
.008540
.006982
.006821
.006507
.006427
.006745
.006900
.006587
.006588
.006582
.012166
.006941
.006628
.006783
.006508
.009919
.006740
.006629
.006548
.008460
.004563
.004644
.005929
.006821
.006628
.006820
.006974
.012449
.007332
.007333
.007642
.006467
.009088
.007055
.006628
.006661
.006547
.008380
.006740
.006548
.006659
.006788
.007022
.006739
.006588
.006547
.006776
.006820
.006622
.006902
.006702
.008540
.006861
.006669
.006547
.006829
.006819
.007952
.006619
.006625
.011323
.006780
.006622
.006629
.007643
.006974
.006942
.006629
.006622
.006898
.006699
.006662
.006548
.006508
.013629
.006894
.006706
.006742
.006071
.006900
.006820
.006709
.006547
.006586
.007292
.008424
.006629
.006547
.011986
.006941
.006548
.006742
.006064
.007055
.006820
.006740
.006548
.008265
.006820
.008883
.006702
.006588
.012590
.006862
.006585
.006702
.006497
.007095
.006860
.006582
.006589
.006826
.006900
.006743
.006546
.006709
.012438
.006860
.006588
.006508
.006981
.006975
.006894
.006588
.006548
.006905
.006861
.006541
.007377
.006621
.008998
.006780
.006709
.006668
.006786
.006900
.006861
.006706
.006588
.007163
.006821
.006467
.006861
.006629
.007911
.007084
.006585
.006699
.006825
.006861
.008228
.006668
.006588
.008861
.006941
.006708
.006709
.006499
.007132
.006860
.007368
.006739
.008738
.006819
.008770
.006740
.006628
.012170
.006901
.006742
.006742
.006507
.007992
.006861
.006666
.006588
.008500
.006859
.008922
.006821
.006628
.009366
.006901
.006548
.006702
.006702
.007176
.006941
.006508
.006507
.008345
.006981
.008072
.006666
.006629
.012649
.006780
.006589
.006628
.006456
.007055
.006902
.006625
.006588
.006745
.006900
.006782
.006387
.006702
.012811
.006900
.006709
.006588
.006464
.006982
.006666
.006588
.006548
.006785
.007015
.006628
.006608
.006547
.014104
.006860
.006662
.006508
.006940
.007022
.006860
.006548
.006661
.006818
.006934
.006700
.007450
.006628
.009999
.006974
.006659
.006588
.007996
.006900
.007680
.006666
.006548
.012254
.006902
.006547
.006780
.006466
.008610
.007332
.006709
.006742
.006541
.008340
.006854
.006700
.006628
.007682
.006820
.007062
.006862
.006581
.014186
.006860
.006579
.006548
.007292
.007022
.006941
.006588
.006629
.006905
.006941
.006779
.008890
.006548
.011980
.007022
.006588
.006666
.008580
.006859
.008770
.006622
.006629
.005280
.002991
.003032
.002950
.004399
.004641
.004399
.003032
.002709
.002870
.002832