.002992
.002791
.002791
.004560
.004322
.004399
.004200
.004404
.004322
.004281
.004322
.004318
.004240
.004684
.004324
.004200
.004202
.004322
.004243
.004202
.004200
.004161
.004723
.004885
.004804
.005320
.004322
.004685
.004322
.003998
.004641
.004763
.004926
.004799
.004919
.011989
.006905
.010068
.007486
.006941
.008920
.009838
.007175
.007021
.007212
.008049
.006858
.007333
.010466
.006941
.007095
.007131
.010896
.007332
.007021
.006981
.009469
.009218
.007291
.009115
.007051
.006941
.008648
.012346
.007403
.006978
.007294
.007052
.006466
.007365
.007403
.006820
.006861
.008698
.010814
.007594
.006975
.009769
.007135
.006824
.007325
.007294
.006974
.007014
.008109
.011166
.007406
.007294
.006974
.007092
.010265
.011128
.007245
.007096
.006898
.006934
.006818
.008887
.007643
.007090
.007076
.007021
.006586
.009076
.007132
.007133
.007021
.007332
.009093
.007292
.008340
.007055
.007092
.008768
.010790
.007285
.007133
.007096
.007593
.006747
.007251
.010753
.007133
.007052
.008498
.010928
.007286
.007213
.007092
.009264
.007392
.007326
.009572
.007212
.007015
.006784
.012945
.007213
.007058
.007091
.007276
.006938
.007325
.007370
.006976
.006981
.006826
.012428
.007282
.007014
.009077
.007011
.008608
.005116
.005157
.010716
.007252
.007562
.007096
.007091
.007015
.007632
.007644
.007603
.007447
.006971
.007176
.007362
.007172
.006974
.007132
.008696
.009793
.007362
.006931
.009344
.006981
.006938
.007403
.007049
.007092
.007092
.006743
.011300
.007402
.007119
.007274
.007212
.006779
.007988
.007205
.007010
.007091
.008768
.008442
.007443
.007675
.007010
.007175
.008698
.010221
.007285
.007052
.007092
.007020
.011507
.007212
.007204
.006971
.007092
.007365
.011105
.007322
.007012
.006974
.008873
.006848
.007292
.010033
.007091
.006891
.006431
.011562
.007282
.007171
.007131
.006972
.007019
.007366
.007403
.007092
.007051
.006664
.012428
.007171
.007052
.008612
.006901
.006898
.007402
.007289
.006971
.007011
.008658
.011269
.007294
.007171
.007322
.007171
.007016
.007756
.007209
.007091
.006933
.006665
.011498
.007365
.007641
.007012
.007139
.007125
.012261
.007332
.007051
.006940
.008997
.007895
.007204
.009191
.007253
.006820
.006818
.011306
.007285
.007095
.007092
.007394
.006465
.007204
.009136
.006979
.007011
.008578
.010774
.007252
.007010
.008029
.007131
.008292
.007241
.007403
.007011
.007011
.006546
.012655
.007523
.007702
.007052
.007051
.008578
.009088
.007209
.007090
.007366
.006978
.006855
.007403
.007373
.006934
.007212
.008618
.009443
.007292
.007092
.009684
.007010
.006937
.002909
.003032
.003032
.003155
.002951
.004514
.004601
.002709
.002750