41
33
6
0
0
0
0
0
0
29
54
32
0
27
99
99
99
99
30
51
28
28
99
99
29
99
31
28
48
28
99
99
99
29
31
30
27
99
99
99
99
38
34
29
25
99
99
70
99
30
28
49
28
99
99
99
29
28
32
28
36
99
99
99
21
18
28
34
99
99
99
99
29
28
38
27
99
99
99
19
30
30
21
26
99
99
99
24
36
28
24
99
99
99
0
99
28
25
27
28
99
99
99
12
26
26
28
28
99
99
99
18
29
28
99
30
99
99
99
20
51
27
28
99
99
99
99
20
28
28
28
99
99
99
25
30
28
20
43
99
99
99
28
21
28
23
99
99
99
12
30
27
99
28
99
99
99
30
53
24
22
99
99
99
99
30
30
49
22
99
99
99
28
30
28
24
92
99
99
99
25
17
28
31
99
99
99
17
27
29
26
30
99
99
99
30
99
26
26
99
99
99
99
30
27
49
29
99
99