18
40
1
0
13
0
0
0
0
0
0
20
36
25
15
0
0
0
0
0
0
9
29
99
99
99
48
34
99
30
99
99
99
28
46
42
63
43
99
99
99
17
36
45
41
41
99
99
99
23
44
39
99
37
99
99
99
22
39
39
41
36
99
99
99
24
42
40
41
43
99
99
99
21
48
43
41
40
99
99
99
25
44
41
40
41
99
99
99
29
44
41
40
52
99
99
0
99
27
43
37
40
39
99
99
99
10
30
29
51
31
99
99
99
99
44
63
41
40
99
99
99
99
44
99
36
41
99
99
99
99
45
99
42
33
99
99
99
99
42
99
40
41
99
99
99
99
48
99
41
36
99
99
99
99
48
99
40
40
99
99
99
99
42
82
44
35
99
99
99
99
44
99
41
43
99
99
99
99
44
37
34
32
99
99
68
99
41
32
39
37
99
99
59
99
31
83
40
40
99
99
99
99
48
99
41
40
99
99
99