27
8
8
0
0
0
0
0
25
22
0
0
13
76
0
99
20
14
11
16
99
99
17
16
17
17
99
11
19
17
16
99
99
16
30
16
16
99
99
17
16
16
16
99
99
17
15
26
16
99
99
18
17
12
16
99
11
17
16
16
99
99
16
20
16
17
99
99
14
15
16
16
99
0
15
18
16
16
99
99
11
17
16
16
99
74
11
27
16
16
99
99
16
18
18
16
99
99
16
15
12
16
99
7
17
16
15
25
99
16
18
16
16
99
99
17
38
16
15
99
99
18
16
27
15
99
99
16
16
19
18
99
10
20
15
16
99
99
0
0
99
18
16
15
16
99
10
14
15
12
16
99
99
17
13
99
16
99
99
15
16
16
27
99
17
17
16
16
99
99
17
99
16
16
99
99
14
16
17
16
99
99
17
17
17
15
99
11
17
14
16
99
99
16
20
16
16
99
99
16
16
16
17
99
99
21
16
63
15
99
14
16
15
16
22
99
16
17
16
16
99
99
17
99
13
14
99
99
14
14
26
18
99
99
19
17
16
16
99
15
17
16
15
99
99
13
22
12
16
99
99
14
16
14
16
99
99
13
16
99
16
99
99
14
16
15
16
99
11
15
16
17
99
99
15
32
16
17
99
99
15
16
15
16
99
99
16
16
16
17
99
99
19
11
16
16
99
12
18
16
17
26
99
14
16
17
18
99