15
47
7
0
0
0
0
0
0
36
53
40
13
95
10
57
7
8
74
10
8
36
9
8
8
9
8
99
8
10
13
8
7
9
8
8
99
5
8
8
10
4
9
8
9
12
7
14
6
6
99
8
7
6
18
99
10
20
15
16
99
99
0
0
99
18
16
15
16
99
10
14
15
12
16
99
99
17
13
99
16
99
99
15
16
16
27
99
17
17
16
16
99
99
17
15
47
7
0
0
0
0
0
0
36
53
40
13
95
10
57
7
13
8
7
9
8
8
99
5
8
8
0
0
0
0
0
15
47
7
15
16
99
10
14
15
12
16
99
99
17
13
10
30
10
30
29
51
31
58
8
10
99
10
10
10
10
99
10
10
10
10
99
9
11
10
10
99
11
9
11
10
99
9
10
10
10
99
11
10
16
10
99
11
10
10
8
99
11
10
91
10
99
11
10
94
10
99
11
10
46
10
99
11
8
9
10
99
9
10
9
11
99
8
10
5
10
73
11
8
10
8
6
8
10
8
10
80
11
9
10
8
99
11
10
4
9
99
10
10
10
10
99
10
9
9
9
99
12
9
8
9
99
11
10
45
10
99
9
8
54
10
99
10
10
20
9
99
9
8
13
8
99
10
10
16
9
99
11
10
16
10
99
11
10
12
10
99
11
10
64
9
99
10
10
12
10
25
10
10
10
9
99
10
9
9
10
99
10
9
10
9
99
6
11
10
10
25
10
9
99
10
18
10
9
99
10
16
9
9
99
0
0
0
10
9
10
10
99
8
8
9
6
10
99
11
11
9
10
99
11
10
10
10
6
10
10
10
15
5
11
9
10
16
5
12
10
10
55
6
11
9
10
99
9
11
9
10
99
9
11
10
9
99
9
9
10
99
9
10
9
11
99
8
10
5
10
73
11
8
10
8
6
8
10
8
10
80
11
9
10
8
99
11
10
4
9
99
10
10
10
10
99
10
9
9
9
99
12
9
8
9
99
11
10
45
10
99
9
8
54
10
99
10
10
20
9
99
9
8
13
8
99
10
10
16
9
99
11
10
16
10
99
11
10
12
10
99
11
10
64
9
99
10
10
12
10
25
10
10
10