45
0
34
4
9
0
0
0
0
0
0
0
0
0
0
87
17
0
99
11
9
10
9
99
10
9
10
10
99
10
10
10
10
99
11
10
10
10
61
10
10
15
10
99
11
10
99
10
99
10
9
6
10
99
12
10
10
10
0
10
9
10
9
99
5
14
10
10
99
9
58
10
10
99
10
10
10
10
99
10
9
10
10
99
11
10
10
10
99
10
11
5
8
55
9
10
16
10
99
12
10
99
10
99
12
10
10
10
99
11
10
10
10
99
11
10
7
11
99
12
10
11
10
0
7
11
11
9
18
4
13
10
99
10
99
11
10
10
10
99
11
10
10
10
99
11
11
9
10
99
11
10
10
10
6
10
10
10
15
5
11
9
10
16
5
12
10
10
55
6
11
9
10
99
9
11
9
10
99
9
11
10
9
99
9
10
8
6
99
7
9
10
10
99
10
14
10
10
99
9
41
10
10
99
10
54
10
10
99
10
10
10
10
99
10
25
10
9
99
10
18
10
9
99
10
16
9
9
99
0
0
0
10
9
10
10
99
8
8
9
6
10
99
11
10
10
11
99
10
10
39
10
99
10
8
10
9
99
10
8
10
10
99
11
8
10
11
99
10
10
10
10
99
11
10
10
10
6
10
10
8
8
6
11
10
10
15
6
11
10
10
99
6
11
10
10
99
10
11
10
10
99
10
10
6
10
99
10
14
10
9
99
9
58
8
10
99
10
10
10
10
99
10
10
10
10
99
9
11
10
10
99
11
9
11
10
99
9
10
10
10
99
11
10
16
10
99
11
10
10
8
99
11
10
91
10
99
11
10
94
10
99
11
10
46
10
99
11
8
9
10
99
9
10
9
11
99
8
10
5
10
73
11
8
10
8
6
8
10
8
10
80
11
9
10
8
99
11
10
4
9
99
10
10
10
10
99
10
9
9
9
99
12
9
8
9
99
11
10
45
10
99
9
8
54
10
99
10
10
20
9
99
9
8
13
8
99
10
10
16
9
99
11
10
16
10
99
11
10
12
10
99
11
10
64
9
99
10
10
12
10
25
10
10
10
9
99
10
9
9
10
99
10
9
10
9
99
6
11
10
9
99
10
10
10
11
99
10
10
10
9
99
10
11
10
10
99
10
12
10
10
99
10
11
10
9
99
10
11
10
10
99
10
11
10
10
99