.002970
.002478
.002685
.006429
.002804
.003495
.003540
.003458
.003536
.004107
.003865
.004146
.004228
.002681
.002684
.002927
.002846
.003578
.002927
.003496
.003659
.002886
.002764
.002804
.003213
.002722
.004788
.003660
.004150
.004265
.003984
.003537
.003945
.002927
.004673
.002845
.004754
.004392
.004027
.004431
.004349
.003371
.004388
.003047
.003661
.002927
.003499
.004673
.002965
.002845
.002557
.002804
.003211
.003089
.003538
.003415
.003656
.003212
.003128
.004590
.003213
.003697
.003171
.002845
.003374
.002886
.003699
.003047
.002724
.003049
.002927
.002805
.002968
.003171
.011230
.011475
.011518
.011139
.010687
.010981
.010528
.011282
.002923
.005233
.004226
.004308
.002804
.002396
.002437
.003007
.003008
.004228
.002357
.002886
.002398