.002602
.002357
.006833
.003254
.003579
.003904
.002764
.003295
.002805
.004029
.006717
.005476
.002763
.002722
.002764
.002723
.003657
.004267
.003620
.003497
.004555
.003092
.003945
.003047
.004595
.005309
.004346
.004918
.003579
.003660
.002927
.003456
.004305
.003941
.004148
.004390
.003536
.002764
.002681
.002764
.004631
.003130
.003660
.004393
.004990
.002886
.002762
.002846
.003455
.003699
.003497
.003255
.002846
.003088
.003373
.002966
.003455
.003818
.004547
.004751
.003657
.004183
.002845
.003661
.002846
.003538
.002640
.003657
.007347
.010356
.012772
.011766
.011186
.010956
.011559
.011026
.003401
.004824
.004064
.002965
.002561
.002355
.002560
.002886
.005434
.003130
.002642
.003010