.002685
.002357
.004632
.003413
.003986
.003781
.002681
.003619
.004105
.003988
.006992
.006199
.003210
.002927
.003214
.002805
.004109
.003091
.003171
.002804
.003537
.003863
.002886
.003009
.003132
.004229
.003006
.004144
.004187
.002887
.002927
.003740
.004550
.003088
.003172
.003334
.003661
.004516
.004147
.003783
.004144
.003372
.002804
.003945
.002927
.002805
.004392
.004311
.002805
.003374
.003212
.003211
.003818
.003660
.003006
.003130
.003254
.005513
.004424
.004628
.005234
.003453
.011386
.011259
.011178
.011178
.011247
.011295
.011207
.004265
.004262
.004064
.002725
.003330
.003088
.005071
.002355
.002313
.002642