.002685
.002561
.002478
.002437
.004064
.002764
.002722
.003376
.003824
.002803
.003212
.002927
.004029
.007269
.005279
.003006
.002886
.003089
.003006
.003742
.003090
.002927
.004552
.002722
.002764
.003537
.003006
.002927
.003859
.004432
.004027
.004349
.004833
.004595
.004590
.004142
.004869
.003252
.003129
.002722
.003171
.002804
.004790
.003374
.002804
.003945
.003660
.003252
.002927
.002723
.003373
.002804
.002805
.002965
.003496
.004948
.004468
.005230
.003699
.003130
.002764
.002927
.003049
.002763
.003822
.004992
.003620
.004790
.002805
.003620
.010616
.010609
.011168
.010219
.010976
.010606
.011516
.003207
.006746
.004105
.004187
.003412
.003010
.002601
.002764
.002601
.003904
.003742
.005194
.002970
.003374
.002396