.002561
.002602
.003578
.003499
.002927
.003742
.002804
.003335
.004105
.004555
.004393
.004593
.002844
.003006
.002886
.002846
.003169
.004146
.002968
.003174
.003660
.003010
.003738
.004472
.004626
.004064
.003332
.004552
.002845
.003824
.004504
.003291
.004224
.004913
.004228
.003373
.005035
.004064
.004066
.004268
.002968
.003337
.003171
.003173
.003536
.003619
.004068
.002969
.002965
.003089
.003130
.004224
.002886
.003576
.003047
.003130
.002805
.004306
.004306
.002764
.005230
.003615
.002924
.002559
.011856
.010717
.011050
.011167
.011186
.003043
.004185
.004467
.003171
.002966
.003090
.004303
.004021
.004185
.002357
.002355
.002396